1) root 0 0 -1 ( 0.5 0.5 )  
  2) wt < 3.0125 0 0 -1 ( 0.5 0.5 )  
    4) hp < 95 0 0 1 ( 0.5 0.5 ) *
    5) hp > 95 0 0 -1 ( 0.5 0.5 )  
     10) cyl < 5 0 0 0 ( 0.5 0.5 ) *
     11) cyl > 5 0 0 1 ( 0.5 0.5 ) *
  3) wt > 3.0125 0 0 -1 ( 0.5 0.5 )  
    6) mpg < 16.55 0 0 -1 ( 0.5 0.5 )  
     12) hp < 254.5 0 0 0 ( 0.5 0.5 ) *
     13) hp > 254.5 0 0 1 ( 0.5 0.5 ) *
    7) mpg > 16.55 0 0 0 ( 0.5 0.5 ) *
1) root 0 0 -1 ( 0.5 0.5 )  
  2) wt < 3.1925 0 0 -1 ( 0.5 0.5 )  
    4) wt < 2.3925 0 0 1 ( 0.5 0.5 ) *
    5) wt > 2.3925 0 0 -1 ( 0.5 0.5 )  
     10) mpg < 21.45 0 0 1 ( 0.5 0.5 ) *
     11) mpg > 21.45 0 0 0 ( 0.5 0.5 ) *
  3) wt > 3.1925 0 0 0 ( 0.5 0.5 ) *
1) root 0 0 -1 ( 0.5 0.5 )  
  2) wt < 3.0125 0 0 -1 ( 0.5 0.5 )  
    4) mpg < 23.75 0 0 -1 ( 0.5 0.5 )  
      8) wt < 2.6225 0 0 0 ( 0.5 0.5 ) *
      9) wt > 2.6225 0 0 1 ( 0.5 0.5 ) *
    5) mpg > 23.75 0 0 1 ( 0.5 0.5 ) *
  3) wt > 3.0125 0 0 0 ( 0.5 0.5 ) *
1) root 0 0 -1 ( 0.5 0.5 )  
  2) wt < 3.18 0 0 -1 ( 0.5 0.5 )  
    4) hp < 103 0 0 -1 ( 0.5 0.5 )  
      8) wt < 2.3025 0 0 1 ( 0.5 0.5 ) *
      9) wt > 2.3025 0 0 0 ( 0.5 0.5 ) *
    5) hp > 103 0 0 1 ( 0.5 0.5 ) *
  3) wt > 3.18 0 0 0 ( 0.5 0.5 ) *
1) root 0 0 -1 ( 0.5 0.5 )  
  2) hp < 254.5 0 0 -1 ( 0.5 0.5 )  
    4) wt < 3.0125 0 0 1 ( 0.5 0.5 ) *
    5) wt > 3.0125 0 0 0 ( 0.5 0.5 ) *
  3) hp > 254.5 0 0 1 ( 0.5 0.5 ) *
1) root 0 0 -1 ( 0.5 0.5 )  
  2) mpg < 24.4 0 0 -1 ( 0.5 0.5 )  
    4) wt < 2.96 0 0 -1 ( 0.5 0.5 )  
      8) cyl < 5 0 0 0 ( 0.5 0.5 ) *
      9) cyl > 5 0 0 1 ( 0.5 0.5 ) *
    5) wt > 2.96 0 0 -1 ( 0.5 0.5 )  
     10) hp < 290 0 0 0 ( 0.5 0.5 ) *
     11) hp > 290 0 0 1 ( 0.5 0.5 ) *
  3) mpg > 24.4 0 0 1 ( 0.5 0.5 ) *
1) root 0 0 -1 ( 0.5 0.5 )  
  2) wt < 2.96 0 0 -1 ( 0.5 0.5 )  
    4) wt < 2.5425 0 0 -1 ( 0.5 0.5 )  
      8) wt < 2.3325 0 0 1 ( 0.5 0.5 ) *
      9) wt > 2.3325 0 0 0 ( 0.5 0.5 ) *
    5) wt > 2.5425 0 0 1 ( 0.5 0.5 ) *
  3) wt > 2.96 0 0 -1 ( 0.5 0.5 )  
    6) mpg < 16.1 0 0 -1 ( 0.5 0.5 )  
     12) hp < 254.5 0 0 0 ( 0.5 0.5 ) *
     13) hp > 254.5 0 0 1 ( 0.5 0.5 ) *
    7) mpg > 16.1 0 0 0 ( 0.5 0.5 ) *
1) root 0 0 -1 ( 0.5 0.5 )  
  2) cyl < 5 0 0 -1 ( 0.5 0.5 )  
    4) mpg < 25.2 0 0 -1 ( 0.5 0.5 )  
      8) hp < 77.5 0 0 0 ( 0.5 0.5 ) *
      9) hp > 77.5 0 0 1 ( 0.5 0.5 ) *
    5) mpg > 25.2 0 0 1 ( 0.5 0.5 ) *
  3) cyl > 5 0 0 -1 ( 0.5 0.5 )  
    6) mpg < 20.1 0 0 -1 ( 0.5 0.5 )  
     12) wt < 3.65 0 0 -1 ( 0.5 0.5 )  
       24) hp < 254.5 0 0 0 ( 0.5 0.5 ) *
       25) hp > 254.5 0 0 1 ( 0.5 0.5 ) *
     13) wt > 3.65 0 0 0 ( 0.5 0.5 ) *
    7) mpg > 20.1 0 0 1 ( 0.5 0.5 ) *
1) root 0 0 -1 ( 0.5 0.5 )  
  2) wt < 3.18 0 0 -1 ( 0.5 0.5 )  
    4) hp < 103 0 0 -1 ( 0.5 0.5 )  
      8) wt < 2.3925 0 0 1 ( 0.5 0.5 ) *
      9) wt > 2.3925 0 0 0 ( 0.5 0.5 ) *
    5) hp > 103 0 0 1 ( 0.5 0.5 ) *
  3) wt > 3.18 0 0 0 ( 0.5 0.5 ) *
1) root 0 0 -1 ( 0.5 0.5 )  
  2) wt < 3.3025 0 0 -1 ( 0.5 0.5 )  
    4) wt < 3.0125 0 0 1 ( 0.5 0.5 ) *
    5) wt > 3.0125 0 0 -1 ( 0.5 0.5 )  
     10) hp < 179.5 0 0 0 ( 0.5 0.5 ) *
     11) hp > 179.5 0 0 1 ( 0.5 0.5 ) *
  3) wt > 3.3025 0 0 0 ( 0.5 0.5 ) *
1) root 0 0 -1 ( 0.5 0.5 )  
  2) mpg < 20.1 0 0 -1 ( 0.5 0.5 )  
    4) hp < 290 0 0 0 ( 0.5 0.5 ) *
    5) hp > 290 0 0 1 ( 0.5 0.5 ) *
  3) mpg > 20.1 0 0 -1 ( 0.5 0.5 )  
    6) mpg < 25.05 0 0 -1 ( 0.5 0.5 )  
     12) cyl < 5 0 0 0 ( 0.5 0.5 ) *
     13) cyl > 5 0 0 1 ( 0.5 0.5 ) *
    7) mpg > 25.05 0 0 1 ( 0.5 0.5 ) *
1) root 0 0 -1 ( 0.5 0.5 )  
  2) wt < 3.1925 0 0 -1 ( 0.5 0.5 )  
    4) mpg < 24.4 0 0 -1 ( 0.5 0.5 )  
      8) hp < 103.5 0 0 -1 ( 0.5 0.5 )  
       16) hp < 94 0 0 1 ( 0.5 0.5 ) *
       17) hp > 94 0 0 0 ( 0.5 0.5 ) *
      9) hp > 103.5 0 0 1 ( 0.5 0.5 ) *
    5) mpg > 24.4 0 0 1 ( 0.5 0.5 ) *
  3) wt > 3.1925 0 0 -1 ( 0.5 0.5 )  
    6) wt < 3.65 0 0 -1 ( 0.5 0.5 )  
     12) hp < 255 0 0 0 ( 0.5 0.5 ) *
     13) hp > 255 0 0 1 ( 0.5 0.5 ) *
    7) wt > 3.65 0 0 0 ( 0.5 0.5 ) *
1) root 0 0 -1 ( 0.5 0.5 )  
  2) hp < 94 0 0 1 ( 0.5 0.5 ) *
  3) hp > 94 0 0 -1 ( 0.5 0.5 )  
    6) wt < 3.0125 0 0 1 ( 0.5 0.5 ) *
    7) wt > 3.0125 0 0 -1 ( 0.5 0.5 )  
     14) hp < 290 0 0 0 ( 0.5 0.5 ) *
     15) hp > 290 0 0 1 ( 0.5 0.5 ) *
1) root 0 0 -1 ( 0.5 0.5 )  
  2) mpg < 19.45 0 0 -1 ( 0.5 0.5 )  
    4) mpg < 16.1 0 0 -1 ( 0.5 0.5 )  
      8) mpg < 15.65 0 0 0 ( 0.5 0.5 ) *
      9) mpg > 15.65 0 0 1 ( 0.5 0.5 ) *
    5) mpg > 16.1 0 0 0 ( 0.5 0.5 ) *
  3) mpg > 19.45 0 0 -1 ( 0.5 0.5 )  
    6) mpg < 25.05 0 0 -1 ( 0.5 0.5 )  
     12) wt < 3.0125 0 0 -1 ( 0.5 0.5 )  
       24) wt < 2.5425 0 0 -1 ( 0.5 0.5 )  
         48) hp < 95 0 0 1 ( 0.5 0.5 ) *
         49) hp > 95 0 0 0 ( 0.5 0.5 ) *
       25) wt > 2.5425 0 0 1 ( 0.5 0.5 ) *
     13) wt > 3.0125 0 0 0 ( 0.5 0.5 ) *
    7) mpg > 25.05 0 0 1 ( 0.5 0.5 ) *
1) root 0 0 -1 ( 0.5 0.5 )  
  2) mpg < 22.15 0 0 -1 ( 0.5 0.5 )  
    4) hp < 116.5 0 0 -1 ( 0.5 0.5 )  
      8) wt < 3.045 0 0 -1 ( 0.5 0.5 )  
       16) hp < 103.5 0 0 0 ( 0.5 0.5 ) *
       17) hp > 103.5 0 0 1 ( 0.5 0.5 ) *
      9) wt > 3.045 0 0 0 ( 0.5 0.5 ) *
    5) hp > 116.5 0 0 0 ( 0.5 0.5 ) *
  3) mpg > 22.15 0 0 -1 ( 0.5 0.5 )  
    6) wt < 2.755 0 0 1 ( 0.5 0.5 ) *
    7) wt > 2.755 0 0 0 ( 0.5 0.5 ) *
1) root 0 0 -1 ( 0.5 0.5 )  
  2) wt < 3.18 0 0 -1 ( 0.5 0.5 )  
    4) hp < 102 0 0 -1 ( 0.5 0.5 )  
      8) mpg < 24.4 0 0 0 ( 0.5 0.5 ) *
      9) mpg > 24.4 0 0 1 ( 0.5 0.5 ) *
    5) hp > 102 0 0 1 ( 0.5 0.5 ) *
  3) wt > 3.18 0 0 0 ( 0.5 0.5 ) *
1) root 0 0 -1 ( 0.5 0.5 )  
  2) hp < 116.5 0 0 -1 ( 0.5 0.5 )  
    4) mpg < 25.2 0 0 -1 ( 0.5 0.5 )  
      8) hp < 102.5 0 0 0 ( 0.5 0.5 ) *
      9) hp > 102.5 0 0 1 ( 0.5 0.5 ) *
    5) mpg > 25.2 0 0 1 ( 0.5 0.5 ) *
  3) hp > 116.5 0 0 -1 ( 0.5 0.5 )  
    6) wt < 3.1025 0 0 1 ( 0.5 0.5 ) *
    7) wt > 3.1025 0 0 0 ( 0.5 0.5 ) *
1) root 0 0 -1 ( 0.5 0.5 )  
  2) wt < 3.0125 0 0 -1 ( 0.5 0.5 )  
    4) hp < 103 0 0 -1 ( 0.5 0.5 )  
      8) wt < 2.3925 0 0 1 ( 0.5 0.5 ) *
      9) wt > 2.3925 0 0 0 ( 0.5 0.5 ) *
    5) hp > 103 0 0 1 ( 0.5 0.5 ) *
  3) wt > 3.0125 0 0 0 ( 0.5 0.5 ) *
1) root 0 0 -1 ( 0.5 0.5 )  
  2) wt < 3.0125 0 0 -1 ( 0.5 0.5 )  
    4) wt < 2.3925 0 0 1 ( 0.5 0.5 ) *
    5) wt > 2.3925 0 0 -1 ( 0.5 0.5 )  
     10) mpg < 21.25 0 0 1 ( 0.5 0.5 ) *
     11) mpg > 21.25 0 0 0 ( 0.5 0.5 ) *
  3) wt > 3.0125 0 0 0 ( 0.5 0.5 ) *
1) root 0 0 -1 ( 0.5 0.5 )  
  2) wt < 3.18 0 0 1 ( 0.5 0.5 ) *
  3) wt > 3.18 0 0 -1 ( 0.5 0.5 )  
    6) wt < 3.65 0 0 -1 ( 0.5 0.5 )  
     12) wt < 3.5025 0 0 0 ( 0.5 0.5 ) *
     13) wt > 3.5025 0 0 1 ( 0.5 0.5 ) *
    7) wt > 3.65 0 0 0 ( 0.5 0.5 ) *
1) root 0 0 -1 ( 0.5 0.5 )  
  2) mpg < 22.15 0 0 -1 ( 0.5 0.5 )  
    4) hp < 290 0 0 -1 ( 0.5 0.5 )  
      8) hp < 116.5 0 0 -1 ( 0.5 0.5 )  
       16) wt < 2.5425 0 0 0 ( 0.5 0.5 ) *
       17) wt > 2.5425 0 0 -1 ( 0.5 0.5 )  
         34) wt < 3.045 0 0 1 ( 0.5 0.5 ) *
         35) wt > 3.045 0 0 0 ( 0.5 0.5 ) *
      9) hp > 116.5 0 0 0 ( 0.5 0.5 ) *
    5) hp > 290 0 0 1 ( 0.5 0.5 ) *
  3) mpg > 22.15 0 0 -1 ( 0.5 0.5 )  
    6) wt < 2.735 0 0 1 ( 0.5 0.5 ) *
    7) wt > 2.735 0 0 0 ( 0.5 0.5 ) *
1) root 0 0 -1 ( 0.5 0.5 )  
  2) wt < 3.18 0 0 1 ( 0.5 0.5 ) *
  3) wt > 3.18 0 0 -1 ( 0.5 0.5 )  
    6) hp < 290 0 0 0 ( 0.5 0.5 ) *
    7) hp > 290 0 0 1 ( 0.5 0.5 ) *
1) root 0 0 -1 ( 0.5 0.5 )  
  2) wt < 2.965 0 0 -1 ( 0.5 0.5 )  
    4) hp < 103 0 0 -1 ( 0.5 0.5 )  
      8) mpg < 25.95 0 0 0 ( 0.5 0.5 ) *
      9) mpg > 25.95 0 0 1 ( 0.5 0.5 ) *
    5) hp > 103 0 0 1 ( 0.5 0.5 ) *
  3) wt > 2.965 0 0 -1 ( 0.5 0.5 )  
    6) hp < 290 0 0 0 ( 0.5 0.5 ) *
    7) hp > 290 0 0 1 ( 0.5 0.5 ) *
1) root 0 0 -1 ( 0.5 0.5 )  
  2) wt < 3.1925 0 0 -1 ( 0.5 0.5 )  
    4) hp < 103 0 0 -1 ( 0.5 0.5 )  
      8) hp < 94 0 0 1 ( 0.5 0.5 ) *
      9) hp > 94 0 0 0 ( 0.5 0.5 ) *
    5) hp > 103 0 0 1 ( 0.5 0.5 ) *
  3) wt > 3.1925 0 0 0 ( 0.5 0.5 ) *
1) root 0 0 -1 ( 0.5 0.5 )  
  2) hp < 116.5 0 0 -1 ( 0.5 0.5 )  
    4) mpg < 25.2 0 0 -1 ( 0.5 0.5 )  
      8) hp < 103 0 0 0 ( 0.5 0.5 ) *
      9) hp > 103 0 0 -1 ( 0.5 0.5 )  
       18) wt < 3.045 0 0 1 ( 0.5 0.5 ) *
       19) wt > 3.045 0 0 0 ( 0.5 0.5 ) *
    5) mpg > 25.2 0 0 1 ( 0.5 0.5 ) *
  3) hp > 116.5 0 0 0 ( 0.5 0.5 ) *
1) root 0 0 -1 ( 0.5 0.5 )  
  2) mpg < 19.2 0 0 -1 ( 0.5 0.5 )  
    4) wt < 3.3025 0 0 1 ( 0.5 0.5 ) *
    5) wt > 3.3025 0 0 -1 ( 0.5 0.5 )  
     10) wt < 3.65 0 0 -1 ( 0.5 0.5 )  
       20) wt < 3.545 0 0 0 ( 0.5 0.5 ) *
       21) wt > 3.545 0 0 -1 ( 0.5 0.5 )  
         42) mpg < 14.65 0 0 0 ( 0.5 0.5 ) *
         43) mpg > 14.65 0 0 1 ( 0.5 0.5 ) *
     11) wt > 3.65 0 0 0 ( 0.5 0.5 ) *
  3) mpg > 19.2 0 0 -1 ( 0.5 0.5 )  
    6) wt < 3.0125 0 0 1 ( 0.5 0.5 ) *
    7) wt > 3.0125 0 0 0 ( 0.5 0.5 ) *
1) root 0 0 -1 ( 0.5 0.5 )  
  2) mpg < 19.45 0 0 0 ( 0.5 0.5 ) *
  3) mpg > 19.45 0 0 -1 ( 0.5 0.5 )  
    6) mpg < 25.85 0 0 -1 ( 0.5 0.5 )  
     12) hp < 102.5 0 0 -1 ( 0.5 0.5 )  
       24) mpg < 23.6 0 0 -1 ( 0.5 0.5 )  
         48) hp < 94 0 0 1 ( 0.5 0.5 ) *
         49) hp > 94 0 0 0 ( 0.5 0.5 ) *
       25) mpg > 23.6 0 0 0 ( 0.5 0.5 ) *
     13) hp > 102.5 0 0 1 ( 0.5 0.5 ) *
    7) mpg > 25.85 0 0 1 ( 0.5 0.5 ) *
1) root 0 0 -1 ( 0.5 0.5 )  
  2) wt < 2.985 0 0 -1 ( 0.5 0.5 )  
    4) hp < 103 0 0 -1 ( 0.5 0.5 )  
      8) mpg < 27.7 0 0 0 ( 0.5 0.5 ) *
      9) mpg > 27.7 0 0 1 ( 0.5 0.5 ) *
    5) hp > 103 0 0 1 ( 0.5 0.5 ) *
  3) wt > 2.985 0 0 -1 ( 0.5 0.5 )  
    6) mpg < 15.1 0 0 -1 ( 0.5 0.5 )  
     12) mpg < 14.85 0 0 0 ( 0.5 0.5 ) *
     13) mpg > 14.85 0 0 1 ( 0.5 0.5 ) *
    7) mpg > 15.1 0 0 0 ( 0.5 0.5 ) *
1) root 0 0 -1 ( 0.5 0.5 )  
  2) mpg < 25.85 0 0 -1 ( 0.5 0.5 )  
    4) hp < 254.5 0 0 -1 ( 0.5 0.5 )  
      8) mpg < 19.45 0 0 0 ( 0.5 0.5 ) *
      9) mpg > 19.45 0 0 -1 ( 0.5 0.5 )  
       18) cyl < 5 0 0 -1 ( 0.5 0.5 )  
         36) wt < 2.3925 0 0 1 ( 0.5 0.5 ) *
         37) wt > 2.3925 0 0 0 ( 0.5 0.5 ) *
       19) cyl > 5 0 0 1 ( 0.5 0.5 ) *
    5) hp > 254.5 0 0 1 ( 0.5 0.5 ) *
  3) mpg > 25.85 0 0 1 ( 0.5 0.5 ) *
1) root 0 0 -1 ( 0.5 0.5 )  
  2) mpg < 19.45 0 0 -1 ( 0.5 0.5 )  
    4) mpg < 14.85 0 0 0 ( 0.5 0.5 ) *
    5) mpg > 14.85 0 0 -1 ( 0.5 0.5 )  
     10) hp < 222 0 0 0 ( 0.5 0.5 ) *
     11) hp > 222 0 0 1 ( 0.5 0.5 ) *
  3) mpg > 19.45 0 0 -1 ( 0.5 0.5 )  
    6) mpg < 21.2 0 0 1 ( 0.5 0.5 ) *
    7) mpg > 21.2 0 0 -1 ( 0.5 0.5 )  
     14) hp < 94 0 0 1 ( 0.5 0.5 ) *
     15) hp > 94 0 0 -1 ( 0.5 0.5 )  
       30) hp < 103 0 0 0 ( 0.5 0.5 ) *
       31) hp > 103 0 0 -1 ( 0.5 0.5 )  
         62) wt < 2.9975 0 0 1 ( 0.5 0.5 ) *
         63) wt > 2.9975 0 0 0 ( 0.5 0.5 ) *
1) root 0 0 -1 ( 0.5 0.5 )  
  2) wt < 3.305 0 0 -1 ( 0.5 0.5 )  
    4) wt < 2.5425 0 0 -1 ( 0.5 0.5 )  
      8) mpg < 22.15 0 0 0 ( 0.5 0.5 ) *
      9) mpg > 22.15 0 0 1 ( 0.5 0.5 ) *
    5) wt > 2.5425 0 0 1 ( 0.5 0.5 ) *
  3) wt > 3.305 0 0 -1 ( 0.5 0.5 )  
    6) wt < 3.675 0 0 -1 ( 0.5 0.5 )  
     12) hp < 255 0 0 0 ( 0.5 0.5 ) *
     13) hp > 255 0 0 1 ( 0.5 0.5 ) *
    7) wt > 3.675 0 0 0 ( 0.5 0.5 ) *
1) root 0 0 -1 ( 0.5 0.5 )  
  2) mpg < 19.2 0 0 -1 ( 0.5 0.5 )  
    4) mpg < 15.65 0 0 0 ( 0.5 0.5 ) *
    5) mpg > 15.65 0 0 -1 ( 0.5 0.5 )  
     10) hp < 222 0 0 0 ( 0.5 0.5 ) *
     11) hp > 222 0 0 1 ( 0.5 0.5 ) *
  3) mpg > 19.2 0 0 -1 ( 0.5 0.5 )  
    6) mpg < 21.45 0 0 1 ( 0.5 0.5 ) *
    7) mpg > 21.45 0 0 -1 ( 0.5 0.5 )  
     14) mpg < 25.2 0 0 -1 ( 0.5 0.5 )  
       28) mpg < 23.6 0 0 -1 ( 0.5 0.5 )  
         56) mpg < 22.15 0 0 0 ( 0.5 0.5 ) *
         57) mpg > 22.15 0 0 -1 ( 0.5 0.5 )  
          114) wt < 2.735 0 0 1 ( 0.5 0.5 ) *
          115) wt > 2.735 0 0 0 ( 0.5 0.5 ) *
       29) mpg > 23.6 0 0 0 ( 0.5 0.5 ) *
     15) mpg > 25.2 0 0 1 ( 0.5 0.5 ) *
1) root 0 0 -1 ( 0.5 0.5 )  
  2) wt < 3.1925 0 0 -1 ( 0.5 0.5 )  
    4) mpg < 26.6 0 0 -1 ( 0.5 0.5 )  
      8) hp < 102.5 0 0 -1 ( 0.5 0.5 )  
       16) wt < 2.735 0 0 1 ( 0.5 0.5 ) *
       17) wt > 2.735 0 0 0 ( 0.5 0.5 ) *
      9) hp > 102.5 0 0 1 ( 0.5 0.5 ) *
    5) mpg > 26.6 0 0 1 ( 0.5 0.5 ) *
  3) wt > 3.1925 0 0 0 ( 0.5 0.5 ) *
1) root 0 0 -1 ( 0.5 0.5 )  
  2) hp < 93 0 0 -1 ( 0.5 0.5 )  
    4) mpg < 25.2 0 0 0 ( 0.5 0.5 ) *
    5) mpg > 25.2 0 0 1 ( 0.5 0.5 ) *
  3) hp > 93 0 0 -1 ( 0.5 0.5 )  
    6) mpg < 16.1 0 0 -1 ( 0.5 0.5 )  
     12) wt < 3.345 0 0 1 ( 0.5 0.5 ) *
     13) wt > 3.345 0 0 0 ( 0.5 0.5 ) *
    7) mpg > 16.1 0 0 -1 ( 0.5 0.5 )  
     14) hp < 149 0 0 0 ( 0.5 0.5 ) *
     15) hp > 149 0 0 -1 ( 0.5 0.5 )  
       30) mpg < 19.45 0 0 0 ( 0.5 0.5 ) *
       31) mpg > 19.45 0 0 1 ( 0.5 0.5 ) *
1) root 0 0 -1 ( 0.5 0.5 )  
  2) wt < 3.18 0 0 1 ( 0.5 0.5 ) *
  3) wt > 3.18 0 0 -1 ( 0.5 0.5 )  
    6) mpg < 15.25 0 0 -1 ( 0.5 0.5 )  
     12) wt < 4.41 0 0 1 ( 0.5 0.5 ) *
     13) wt > 4.41 0 0 0 ( 0.5 0.5 ) *
    7) mpg > 15.25 0 0 0 ( 0.5 0.5 ) *
1) root 0 0 -1 ( 0.5 0.5 )  
  2) hp < 116.5 0 0 -1 ( 0.5 0.5 )  
    4) mpg < 19.55 0 0 0 ( 0.5 0.5 ) *
    5) mpg > 19.55 0 0 -1 ( 0.5 0.5 )  
     10) mpg < 21.45 0 0 1 ( 0.5 0.5 ) *
     11) mpg > 21.45 0 0 -1 ( 0.5 0.5 )  
       22) hp < 94 0 0 1 ( 0.5 0.5 ) *
       23) hp > 94 0 0 0 ( 0.5 0.5 ) *
  3) hp > 116.5 0 0 -1 ( 0.5 0.5 )  
    6) mpg < 19.45 0 0 -1 ( 0.5 0.5 )  
     12) hp < 254.5 0 0 0 ( 0.5 0.5 ) *
     13) hp > 254.5 0 0 1 ( 0.5 0.5 ) *
    7) mpg > 19.45 0 0 1 ( 0.5 0.5 ) *
1) root 0 0 -1 ( 0.5 0.5 )  
  2) wt < 3.0125 0 0 -1 ( 0.5 0.5 )  
    4) hp < 95 0 0 1 ( 0.5 0.5 ) *
    5) hp > 95 0 0 -1 ( 0.5 0.5 )  
     10) mpg < 21.45 0 0 1 ( 0.5 0.5 ) *
     11) mpg > 21.45 0 0 0 ( 0.5 0.5 ) *
  3) wt > 3.0125 0 0 -1 ( 0.5 0.5 )  
    6) hp < 254.5 0 0 0 ( 0.5 0.5 ) *
    7) hp > 254.5 0 0 1 ( 0.5 0.5 ) *
1) root 0 0 -1 ( 0.5 0.5 )  
  2) wt < 3.18 0 0 -1 ( 0.5 0.5 )  
    4) wt < 2.3925 0 0 1 ( 0.5 0.5 ) *
    5) wt > 2.3925 0 0 -1 ( 0.5 0.5 )  
     10) wt < 2.6225 0 0 0 ( 0.5 0.5 ) *
     11) wt > 2.6225 0 0 1 ( 0.5 0.5 ) *
  3) wt > 3.18 0 0 0 ( 0.5 0.5 ) *
1) root 0 0 -1 ( 0.5 0.5 )  
  2) mpg < 22.15 0 0 -1 ( 0.5 0.5 )  
    4) wt < 3.1025 0 0 -1 ( 0.5 0.5 )  
      8) cyl < 5 0 0 0 ( 0.5 0.5 ) *
      9) cyl > 5 0 0 1 ( 0.5 0.5 ) *
    5) wt > 3.1025 0 0 -1 ( 0.5 0.5 )  
     10) mpg < 15.1 0 0 -1 ( 0.5 0.5 )  
       20) hp < 290 0 0 0 ( 0.5 0.5 ) *
       21) hp > 290 0 0 1 ( 0.5 0.5 ) *
     11) mpg > 15.1 0 0 0 ( 0.5 0.5 ) *
  3) mpg > 22.15 0 0 1 ( 0.5 0.5 ) *
1) root 0 0 -1 ( 0.5 0.5 )  
  2) mpg < 19.45 0 0 -1 ( 0.5 0.5 )  
    4) hp < 282.5 0 0 0 ( 0.5 0.5 ) *
    5) hp > 282.5 0 0 1 ( 0.5 0.5 ) *
  3) mpg > 19.45 0 0 -1 ( 0.5 0.5 )  
    6) wt < 3.0125 0 0 -1 ( 0.5 0.5 )  
     12) mpg < 22.15 0 0 -1 ( 0.5 0.5 )  
       24) wt < 2.5425 0 0 0 ( 0.5 0.5 ) *
       25) wt > 2.5425 0 0 1 ( 0.5 0.5 ) *
     13) mpg > 22.15 0 0 1 ( 0.5 0.5 ) *
    7) wt > 3.0125 0 0 0 ( 0.5 0.5 ) *
1) root 0 0 -1 ( 0.5 0.5 )  
  2) hp < 94 0 0 1 ( 0.5 0.5 ) *
  3) hp > 94 0 0 -1 ( 0.5 0.5 )  
    6) mpg < 16.1 0 0 -1 ( 0.5 0.5 )  
     12) hp < 254.5 0 0 0 ( 0.5 0.5 ) *
     13) hp > 254.5 0 0 1 ( 0.5 0.5 ) *
    7) mpg > 16.1 0 0 -1 ( 0.5 0.5 )  
     14) mpg < 19.45 0 0 0 ( 0.5 0.5 ) *
     15) mpg > 19.45 0 0 -1 ( 0.5 0.5 )  
       30) cyl < 5 0 0 0 ( 0.5 0.5 ) *
       31) cyl > 5 0 0 -1 ( 0.5 0.5 )  
         62) wt < 2.9925 0 0 1 ( 0.5 0.5 ) *
         63) wt > 2.9925 0 0 0 ( 0.5 0.5 ) *
1) root 0 0 -1 ( 0.5 0.5 )  
  2) wt < 3.0125 0 0 1 ( 0.5 0.5 ) *
  3) wt > 3.0125 0 0 -1 ( 0.5 0.5 )  
    6) mpg < 15.25 0 0 -1 ( 0.5 0.5 )  
     12) mpg < 14.85 0 0 0 ( 0.5 0.5 ) *
     13) mpg > 14.85 0 0 1 ( 0.5 0.5 ) *
    7) mpg > 15.25 0 0 0 ( 0.5 0.5 ) *
1) root 0 0 -1 ( 0.5 0.5 )  
  2) mpg < 19.45 0 0 -1 ( 0.5 0.5 )  
    4) hp < 254.5 0 0 0 ( 0.5 0.5 ) *
    5) hp > 254.5 0 0 1 ( 0.5 0.5 ) *
  3) mpg > 19.45 0 0 -1 ( 0.5 0.5 )  
    6) wt < 3.0125 0 0 1 ( 0.5 0.5 ) *
    7) wt > 3.0125 0 0 0 ( 0.5 0.5 ) *
1) root 0 0 -1 ( 0.5 0.5 )  
  2) hp < 118 0 0 -1 ( 0.5 0.5 )  
    4) wt < 2.965 0 0 -1 ( 0.5 0.5 )  
      8) wt < 2.3925 0 0 1 ( 0.5 0.5 ) *
      9) wt > 2.3925 0 0 -1 ( 0.5 0.5 )  
       18) mpg < 21.45 0 0 1 ( 0.5 0.5 ) *
       19) mpg > 21.45 0 0 0 ( 0.5 0.5 ) *
    5) wt > 2.965 0 0 0 ( 0.5 0.5 ) *
  3) hp > 118 0 0 -1 ( 0.5 0.5 )  
    6) hp < 254.5 0 0 -1 ( 0.5 0.5 )  
     12) mpg < 19.45 0 0 0 ( 0.5 0.5 ) *
     13) mpg > 19.45 0 0 1 ( 0.5 0.5 ) *
    7) hp > 254.5 0 0 1 ( 0.5 0.5 ) *
1) root 0 0 -1 ( 0.5 0.5 )  
  2) wt < 3.1925 0 0 -1 ( 0.5 0.5 )  
    4) hp < 102 0 0 -1 ( 0.5 0.5 )  
      8) mpg < 24.4 0 0 0 ( 0.5 0.5 ) *
      9) mpg > 24.4 0 0 1 ( 0.5 0.5 ) *
    5) hp > 102 0 0 1 ( 0.5 0.5 ) *
  3) wt > 3.1925 0 0 -1 ( 0.5 0.5 )  
    6) wt < 3.515 0 0 0 ( 0.5 0.5 ) *
    7) wt > 3.515 0 0 -1 ( 0.5 0.5 )  
     14) wt < 3.65 0 0 0 ( 0.5 0.5 ) *
     15) wt > 3.65 0 0 0 ( 0.5 0.5 ) *
1) root 0 0 -1 ( 0.5 0.5 )  
  2) wt < 3.0325 0 0 -1 ( 0.5 0.5 )  
    4) wt < 2.3925 0 0 1 ( 0.5 0.5 ) *
    5) wt > 2.3925 0 0 -1 ( 0.5 0.5 )  
     10) mpg < 21.45 0 0 1 ( 0.5 0.5 ) *
     11) mpg > 21.45 0 0 0 ( 0.5 0.5 ) *
  3) wt > 3.0325 0 0 -1 ( 0.5 0.5 )  
    6) wt < 3.545 0 0 0 ( 0.5 0.5 ) *
    7) wt > 3.545 0 0 -1 ( 0.5 0.5 )  
     14) wt < 3.65 0 0 -1 ( 0.5 0.5 )  
       28) hp < 290 0 0 0 ( 0.5 0.5 ) *
       29) hp > 290 0 0 1 ( 0.5 0.5 ) *
     15) wt > 3.65 0 0 0 ( 0.5 0.5 ) *
1) root 0 0 -1 ( 0.5 0.5 )  
  2) mpg < 19.45 0 0 -1 ( 0.5 0.5 )  
    4) hp < 290 0 0 0 ( 0.5 0.5 ) *
    5) hp > 290 0 0 1 ( 0.5 0.5 ) *
  3) mpg > 19.45 0 0 -1 ( 0.5 0.5 )  
    6) wt < 2.98 0 0 -1 ( 0.5 0.5 )  
     12) wt < 2.5425 0 0 -1 ( 0.5 0.5 )  
       24) wt < 2.2 0 0 1 ( 0.5 0.5 ) *
       25) wt > 2.2 0 0 0 ( 0.5 0.5 ) *
     13) wt > 2.5425 0 0 1 ( 0.5 0.5 ) *
    7) wt > 2.98 0 0 0 ( 0.5 0.5 ) *
1) root 0 0 -1 ( 0.5 0.5 )  
  2) hp < 118 0 0 -1 ( 0.5 0.5 )  
    4) hp < 107 0 0 -1 ( 0.5 0.5 )  
      8) hp < 93 0 0 -1 ( 0.5 0.5 )  
       16) mpg < 25.2 0 0 0 ( 0.5 0.5 ) *
       17) mpg > 25.2 0 0 1 ( 0.5 0.5 ) *
      9) hp > 93 0 0 0 ( 0.5 0.5 ) *
    5) hp > 107 0 0 1 ( 0.5 0.5 ) *
  3) hp > 118 0 0 -1 ( 0.5 0.5 )  
    6) hp < 254.5 0 0 0 ( 0.5 0.5 ) *
    7) hp > 254.5 0 0 1 ( 0.5 0.5 ) *
1) root 0 0 -1 ( 0.5 0.5 )  
  2) wt < 3.18 0 0 -1 ( 0.5 0.5 )  
    4) hp < 95 0 0 1 ( 0.5 0.5 ) *
    5) hp > 95 0 0 -1 ( 0.5 0.5 )  
     10) hp < 103 0 0 0 ( 0.5 0.5 ) *
     11) hp > 103 0 0 1 ( 0.5 0.5 ) *
  3) wt > 3.18 0 0 -1 ( 0.5 0.5 )  
    6) hp < 290 0 0 0 ( 0.5 0.5 ) *
    7) hp > 290 0 0 1 ( 0.5 0.5 ) *
1) root 0 0 -1 ( 0.5 0.5 )  
  2) wt < 3.18 0 0 -1 ( 0.5 0.5 )  
    4) hp < 94 0 0 1 ( 0.5 0.5 ) *
    5) hp > 94 0 0 -1 ( 0.5 0.5 )  
     10) hp < 103 0 0 0 ( 0.5 0.5 ) *
     11) hp > 103 0 0 1 ( 0.5 0.5 ) *
  3) wt > 3.18 0 0 -1 ( 0.5 0.5 )  
    6) mpg < 15.1 0 0 -1 ( 0.5 0.5 )  
     12) hp < 290 0 0 0 ( 0.5 0.5 ) *
     13) hp > 290 0 0 1 ( 0.5 0.5 ) *
    7) mpg > 15.1 0 0 0 ( 0.5 0.5 ) *
1) root 0 0 -1 ( 0.5 0.5 )  
  2) wt < 3.3025 0 0 -1 ( 0.5 0.5 )  
    4) hp < 103.5 0 0 -1 ( 0.5 0.5 )  
      8) wt < 2.3025 0 0 1 ( 0.5 0.5 ) *
      9) wt > 2.3025 0 0 0 ( 0.5 0.5 ) *
    5) hp > 103.5 0 0 1 ( 0.5 0.5 ) *
  3) wt > 3.3025 0 0 -1 ( 0.5 0.5 )  
    6) hp < 290 0 0 0 ( 0.5 0.5 ) *
    7) hp > 290 0 0 1 ( 0.5 0.5 ) *
1) root 0 0 -1 ( 0.5 0.5 )  
  2) wt < 2.3925 0 0 1 ( 0.5 0.5 ) *
  3) wt > 2.3925 0 0 -1 ( 0.5 0.5 )  
    6) hp < 254.5 0 0 0 ( 0.5 0.5 ) *
    7) hp > 254.5 0 0 1 ( 0.5 0.5 ) *
1) root 0 0 -1 ( 0.5 0.5 )  
  2) mpg < 20.1 0 0 -1 ( 0.5 0.5 )  
    4) hp < 254.5 0 0 0 ( 0.5 0.5 ) *
    5) hp > 254.5 0 0 1 ( 0.5 0.5 ) *
  3) mpg > 20.1 0 0 -1 ( 0.5 0.5 )  
    6) wt < 3.0325 0 0 -1 ( 0.5 0.5 )  
     12) wt < 2.3925 0 0 1 ( 0.5 0.5 ) *
     13) wt > 2.3925 0 0 -1 ( 0.5 0.5 )  
       26) cyl < 5 0 0 0 ( 0.5 0.5 ) *
       27) cyl > 5 0 0 1 ( 0.5 0.5 ) *
    7) wt > 3.0325 0 0 0 ( 0.5 0.5 ) *
1) root 0 0 -1 ( 0.5 0.5 )  
  2) wt < 3.18 0 0 -1 ( 0.5 0.5 )  
    4) mpg < 21.45 0 0 1 ( 0.5 0.5 ) *
    5) mpg > 21.45 0 0 -1 ( 0.5 0.5 )  
     10) wt < 2.3925 0 0 1 ( 0.5 0.5 ) *
     11) wt > 2.3925 0 0 0 ( 0.5 0.5 ) *
  3) wt > 3.18 0 0 -1 ( 0.5 0.5 )  
    6) hp < 290 0 0 0 ( 0.5 0.5 ) *
    7) hp > 290 0 0 1 ( 0.5 0.5 ) *
1) root 0 0 -1 ( 0.5 0.5 )  
  2) wt < 3.0125 0 0 -1 ( 0.5 0.5 )  
    4) hp < 103 0 0 -1 ( 0.5 0.5 )  
      8) mpg < 23.75 0 0 0 ( 0.5 0.5 ) *
      9) mpg > 23.75 0 0 1 ( 0.5 0.5 ) *
    5) hp > 103 0 0 1 ( 0.5 0.5 ) *
  3) wt > 3.0125 0 0 -1 ( 0.5 0.5 )  
    6) hp < 290 0 0 0 ( 0.5 0.5 ) *
    7) hp > 290 0 0 1 ( 0.5 0.5 ) *
1) root 0 0 -1 ( 0.5 0.5 )  
  2) wt < 3.0125 0 0 1 ( 0.5 0.5 ) *
  3) wt > 3.0125 0 0 -1 ( 0.5 0.5 )  
    6) wt < 3.18 0 0 -1 ( 0.5 0.5 )  
     12) mpg < 19.3 0 0 1 ( 0.5 0.5 ) *
     13) mpg > 19.3 0 0 0 ( 0.5 0.5 ) *
    7) wt > 3.18 0 0 -1 ( 0.5 0.5 )  
     14) mpg < 15.1 0 0 -1 ( 0.5 0.5 )  
       28) hp < 290 0 0 0 ( 0.5 0.5 ) *
       29) hp > 290 0 0 1 ( 0.5 0.5 ) *
     15) mpg > 15.1 0 0 0 ( 0.5 0.5 ) *
1) root 0 0 -1 ( 0.5 0.5 )  
  2) wt < 3.0125 0 0 -1 ( 0.5 0.5 )  
    4) wt < 2.3325 0 0 1 ( 0.5 0.5 ) *
    5) wt > 2.3325 0 0 -1 ( 0.5 0.5 )  
     10) wt < 2.5425 0 0 0 ( 0.5 0.5 ) *
     11) wt > 2.5425 0 0 1 ( 0.5 0.5 ) *
  3) wt > 3.0125 0 0 -1 ( 0.5 0.5 )  
    6) mpg < 16.8 0 0 -1 ( 0.5 0.5 )  
     12) wt < 3.675 0 0 1 ( 0.5 0.5 ) *
     13) wt > 3.675 0 0 0 ( 0.5 0.5 ) *
    7) mpg > 16.8 0 0 0 ( 0.5 0.5 ) *
1) root 0 0 -1 ( 0.5 0.5 )  
  2) wt < 3.18 0 0 -1 ( 0.5 0.5 )  
    4) hp < 103.5 0 0 -1 ( 0.5 0.5 )  
      8) hp < 94 0 0 1 ( 0.5 0.5 ) *
      9) hp > 94 0 0 0 ( 0.5 0.5 ) *
    5) hp > 103.5 0 0 1 ( 0.5 0.5 ) *
  3) wt > 3.18 0 0 -1 ( 0.5 0.5 )  
    6) mpg < 15.1 0 0 -1 ( 0.5 0.5 )  
     12) mpg < 14.65 0 0 0 ( 0.5 0.5 ) *
     13) mpg > 14.65 0 0 1 ( 0.5 0.5 ) *
    7) mpg > 15.1 0 0 0 ( 0.5 0.5 ) *
1) root 0 0 -1 ( 0.5 0.5 )  
  2) mpg < 19.45 0 0 -1 ( 0.5 0.5 )  
    4) hp < 254.5 0 0 0 ( 0.5 0.5 ) *
    5) hp > 254.5 0 0 1 ( 0.5 0.5 ) *
  3) mpg > 19.45 0 0 -1 ( 0.5 0.5 )  
    6) wt < 3.0125 0 0 -1 ( 0.5 0.5 )  
     12) hp < 103 0 0 -1 ( 0.5 0.5 )  
       24) hp < 95 0 0 1 ( 0.5 0.5 ) *
       25) hp > 95 0 0 0 ( 0.5 0.5 ) *
     13) hp > 103 0 0 1 ( 0.5 0.5 ) *
    7) wt > 3.0125 0 0 0 ( 0.5 0.5 ) *
1) root 0 0 -1 ( 0.5 0.5 )  
  2) wt < 3.1925 0 0 1 ( 0.5 0.5 ) *
  3) wt > 3.1925 0 0 0 ( 0.5 0.5 ) *
1) root 0 0 -1 ( 0.5 0.5 )  
  2) hp < 93 0 0 1 ( 0.5 0.5 ) *
  3) hp > 93 0 0 -1 ( 0.5 0.5 )  
    6) mpg < 19.45 0 0 -1 ( 0.5 0.5 )  
     12) mpg < 15.1 0 0 -1 ( 0.5 0.5 )  
       24) mpg < 14.85 0 0 0 ( 0.5 0.5 ) *
       25) mpg > 14.85 0 0 1 ( 0.5 0.5 ) *
     13) mpg > 15.1 0 0 0 ( 0.5 0.5 ) *
    7) mpg > 19.45 0 0 -1 ( 0.5 0.5 )  
     14) wt < 3.0125 0 0 -1 ( 0.5 0.5 )  
       28) hp < 103 0 0 0 ( 0.5 0.5 ) *
       29) hp > 103 0 0 1 ( 0.5 0.5 ) *
     15) wt > 3.0125 0 0 0 ( 0.5 0.5 ) *
1) root 0 0 -1 ( 0.5 0.5 )  
  2) wt < 2.965 0 0 -1 ( 0.5 0.5 )  
    4) wt < 2.3925 0 0 1 ( 0.5 0.5 ) *
    5) wt > 2.3925 0 0 -1 ( 0.5 0.5 )  
     10) mpg < 21.45 0 0 1 ( 0.5 0.5 ) *
     11) mpg > 21.45 0 0 0 ( 0.5 0.5 ) *
  3) wt > 2.965 0 0 -1 ( 0.5 0.5 )  
    6) hp < 290 0 0 0 ( 0.5 0.5 ) *
    7) hp > 290 0 0 1 ( 0.5 0.5 ) *
1) root 0 0 -1 ( 0.5 0.5 )  
  2) wt < 3.18 0 0 -1 ( 0.5 0.5 )  
    4) mpg < 23.75 0 0 -1 ( 0.5 0.5 )  
      8) hp < 103.5 0 0 0 ( 0.5 0.5 ) *
      9) hp > 103.5 0 0 1 ( 0.5 0.5 ) *
    5) mpg > 23.75 0 0 1 ( 0.5 0.5 ) *
  3) wt > 3.18 0 0 0 ( 0.5 0.5 ) *
1) root 0 0 -1 ( 0.5 0.5 )  
  2) hp < 94 0 0 1 ( 0.5 0.5 ) *
  3) hp > 94 0 0 -1 ( 0.5 0.5 )  
    6) wt < 3.1925 0 0 -1 ( 0.5 0.5 )  
     12) mpg < 21.25 0 0 1 ( 0.5 0.5 ) *
     13) mpg > 21.25 0 0 0 ( 0.5 0.5 ) *
    7) wt > 3.1925 0 0 -1 ( 0.5 0.5 )  
     14) mpg < 15.1 0 0 -1 ( 0.5 0.5 )  
       28) mpg < 14.85 0 0 0 ( 0.5 0.5 ) *
       29) mpg > 14.85 0 0 1 ( 0.5 0.5 ) *
     15) mpg > 15.1 0 0 0 ( 0.5 0.5 ) *
1) root 0 0 -1 ( 0.5 0.5 )  
  2) cyl < 5 0 0 -1 ( 0.5 0.5 )  
    4) mpg < 22.15 0 0 -1 ( 0.5 0.5 )  
      8) wt < 2.6225 0 0 0 ( 0.5 0.5 ) *
      9) wt > 2.6225 0 0 1 ( 0.5 0.5 ) *
    5) mpg > 22.15 0 0 1 ( 0.5 0.5 ) *
  3) cyl > 5 0 0 -1 ( 0.5 0.5 )  
    6) hp < 254.5 0 0 0 ( 0.5 0.5 ) *
    7) hp > 254.5 0 0 1 ( 0.5 0.5 ) *
1) root 0 0 -1 ( 0.5 0.5 )  
  2) wt < 3.0125 0 0 -1 ( 0.5 0.5 )  
    4) mpg < 22.15 0 0 -1 ( 0.5 0.5 )  
      8) hp < 103.5 0 0 0 ( 0.5 0.5 ) *
      9) hp > 103.5 0 0 1 ( 0.5 0.5 ) *
    5) mpg > 22.15 0 0 1 ( 0.5 0.5 ) *
  3) wt > 3.0125 0 0 -1 ( 0.5 0.5 )  
    6) wt < 3.65 0 0 -1 ( 0.5 0.5 )  
     12) hp < 219.5 0 0 0 ( 0.5 0.5 ) *
     13) hp > 219.5 0 0 1 ( 0.5 0.5 ) *
    7) wt > 3.65 0 0 0 ( 0.5 0.5 ) *
1) root 0 0 -1 ( 0.5 0.5 )  
  2) mpg < 25.2 0 0 -1 ( 0.5 0.5 )  
    4) hp < 254.5 0 0 -1 ( 0.5 0.5 )  
      8) wt < 3.0125 0 0 1 ( 0.5 0.5 ) *
      9) wt > 3.0125 0 0 0 ( 0.5 0.5 ) *
    5) hp > 254.5 0 0 1 ( 0.5 0.5 ) *
  3) mpg > 25.2 0 0 1 ( 0.5 0.5 ) *
1) root 0 0 -1 ( 0.5 0.5 )  
  2) wt < 3.1925 0 0 -1 ( 0.5 0.5 )  
    4) hp < 94 0 0 1 ( 0.5 0.5 ) *
    5) hp > 94 0 0 -1 ( 0.5 0.5 )  
     10) hp < 103.5 0 0 0 ( 0.5 0.5 ) *
     11) hp > 103.5 0 0 1 ( 0.5 0.5 ) *
  3) wt > 3.1925 0 0 0 ( 0.5 0.5 ) *
1) root 0 0 -1 ( 0.5 0.5 )  
  2) wt < 3.18 0 0 -1 ( 0.5 0.5 )  
    4) mpg < 22.1 0 0 1 ( 0.5 0.5 ) *
    5) mpg > 22.1 0 0 -1 ( 0.5 0.5 )  
     10) wt < 2.735 0 0 1 ( 0.5 0.5 ) *
     11) wt > 2.735 0 0 0 ( 0.5 0.5 ) *
  3) wt > 3.18 0 0 0 ( 0.5 0.5 ) *
1) root 0 0 -1 ( 0.5 0.5 )  
  2) wt < 3.18 0 0 -1 ( 0.5 0.5 )  
    4) wt < 2.3925 0 0 1 ( 0.5 0.5 ) *
    5) wt > 2.3925 0 0 -1 ( 0.5 0.5 )  
     10) hp < 103 0 0 0 ( 0.5 0.5 ) *
     11) hp > 103 0 0 1 ( 0.5 0.5 ) *
  3) wt > 3.18 0 0 0 ( 0.5 0.5 ) *
1) root 0 0 -1 ( 0.5 0.5 )  
  2) wt < 2.3925 0 0 1 ( 0.5 0.5 ) *
  3) wt > 2.3925 0 0 -1 ( 0.5 0.5 )  
    6) hp < 247 0 0 0 ( 0.5 0.5 ) *
    7) hp > 247 0 0 1 ( 0.5 0.5 ) *
1) root 0 0 -1 ( 0.5 0.5 )  
  2) hp < 94 0 0 1 ( 0.5 0.5 ) *
  3) hp > 94 0 0 -1 ( 0.5 0.5 )  
    6) hp < 254.5 0 0 -1 ( 0.5 0.5 )  
     12) mpg < 26.6 0 0 -1 ( 0.5 0.5 )  
       24) mpg < 20.1 0 0 0 ( 0.5 0.5 ) *
       25) mpg > 20.1 0 0 -1 ( 0.5 0.5 )  
         50) wt < 2.885 0 0 -1 ( 0.5 0.5 )  
          100) mpg < 21.25 0 0 1 ( 0.5 0.5 ) *
          101) mpg > 21.25 0 0 0 ( 0.5 0.5 ) *
         51) wt > 2.885 0 0 0 ( 0.5 0.5 ) *
     13) mpg > 26.6 0 0 1 ( 0.5 0.5 ) *
    7) hp > 254.5 0 0 1 ( 0.5 0.5 ) *
1) root 0 0 -1 ( 0.5 0.5 )  
  2) hp < 94 0 0 -1 ( 0.5 0.5 )  
    4) wt < 2.755 0 0 1 ( 0.5 0.5 ) *
    5) wt > 2.755 0 0 0 ( 0.5 0.5 ) *
  3) hp > 94 0 0 -1 ( 0.5 0.5 )  
    6) wt < 2.885 0 0 -1 ( 0.5 0.5 )  
     12) wt < 2.5425 0 0 -1 ( 0.5 0.5 )  
       24) wt < 1.989 0 0 1 ( 0.5 0.5 ) *
       25) wt > 1.989 0 0 0 ( 0.5 0.5 ) *
     13) wt > 2.5425 0 0 1 ( 0.5 0.5 ) *
    7) wt > 2.885 0 0 -1 ( 0.5 0.5 )  
     14) hp < 275 0 0 0 ( 0.5 0.5 ) *
     15) hp > 275 0 0 1 ( 0.5 0.5 ) *
1) root 0 0 -1 ( 0.5 0.5 )  
  2) hp < 118 0 0 -1 ( 0.5 0.5 )  
    4) mpg < 19.55 0 0 0 ( 0.5 0.5 ) *
    5) mpg > 19.55 0 0 -1 ( 0.5 0.5 )  
     10) wt < 3.0125 0 0 1 ( 0.5 0.5 ) *
     11) wt > 3.0125 0 0 0 ( 0.5 0.5 ) *
  3) hp > 118 0 0 -1 ( 0.5 0.5 )  
    6) mpg < 19.45 0 0 -1 ( 0.5 0.5 )  
     12) hp < 290 0 0 0 ( 0.5 0.5 ) *
     13) hp > 290 0 0 1 ( 0.5 0.5 ) *
    7) mpg > 19.45 0 0 1 ( 0.5 0.5 ) *
1) root 0 0 -1 ( 0.5 0.5 )  
  2) mpg < 25.2 0 0 -1 ( 0.5 0.5 )  
    4) hp < 254.5 0 0 -1 ( 0.5 0.5 )  
      8) wt < 2.965 0 0 1 ( 0.5 0.5 ) *
      9) wt > 2.965 0 0 0 ( 0.5 0.5 ) *
    5) hp > 254.5 0 0 1 ( 0.5 0.5 ) *
  3) mpg > 25.2 0 0 1 ( 0.5 0.5 ) *
1) root 0 0 -1 ( 0.5 0.5 )  
  2) wt < 2.965 0 0 -1 ( 0.5 0.5 )  
    4) wt < 2.3025 0 0 1 ( 0.5 0.5 ) *
    5) wt > 2.3025 0 0 -1 ( 0.5 0.5 )  
     10) wt < 2.5425 0 0 0 ( 0.5 0.5 ) *
     11) wt > 2.5425 0 0 1 ( 0.5 0.5 ) *
  3) wt > 2.965 0 0 -1 ( 0.5 0.5 )  
    6) wt < 3.545 0 0 0 ( 0.5 0.5 ) *
    7) wt > 3.545 0 0 -1 ( 0.5 0.5 )  
     14) hp < 290 0 0 0 ( 0.5 0.5 ) *
     15) hp > 290 0 0 1 ( 0.5 0.5 ) *
1) root 0 0 -1 ( 0.5 0.5 )  
  2) wt < 3.045 0 0 -1 ( 0.5 0.5 )  
    4) hp < 103 0 0 -1 ( 0.5 0.5 )  
      8) hp < 95 0 0 1 ( 0.5 0.5 ) *
      9) hp > 95 0 0 0 ( 0.5 0.5 ) *
    5) hp > 103 0 0 1 ( 0.5 0.5 ) *
  3) wt > 3.045 0 0 -1 ( 0.5 0.5 )  
    6) hp < 290 0 0 0 ( 0.5 0.5 ) *
    7) hp > 290 0 0 1 ( 0.5 0.5 ) *
1) root 0 0 -1 ( 0.5 0.5 )  
  2) wt < 3.0125 0 0 1 ( 0.5 0.5 ) *
  3) wt > 3.0125 0 0 -1 ( 0.5 0.5 )  
    6) wt < 3.18 0 0 -1 ( 0.5 0.5 )  
     12) mpg < 19.3 0 0 1 ( 0.5 0.5 ) *
     13) mpg > 19.3 0 0 0 ( 0.5 0.5 ) *
    7) wt > 3.18 0 0 0 ( 0.5 0.5 ) *
1) root 0 0 -1 ( 0.5 0.5 )  
  2) wt < 3.18 0 0 -1 ( 0.5 0.5 )  
    4) wt < 2.3925 0 0 1 ( 0.5 0.5 ) *
    5) wt > 2.3925 0 0 -1 ( 0.5 0.5 )  
     10) mpg < 21.25 0 0 1 ( 0.5 0.5 ) *
     11) mpg > 21.25 0 0 0 ( 0.5 0.5 ) *
  3) wt > 3.18 0 0 -1 ( 0.5 0.5 )  
    6) mpg < 15.25 0 0 -1 ( 0.5 0.5 )  
     12) hp < 290 0 0 0 ( 0.5 0.5 ) *
     13) hp > 290 0 0 1 ( 0.5 0.5 ) *
    7) mpg > 15.25 0 0 0 ( 0.5 0.5 ) *
1) root 0 0 -1 ( 0.5 0.5 )  
  2) wt < 2.965 0 0 1 ( 0.5 0.5 ) *
  3) wt > 2.965 0 0 -1 ( 0.5 0.5 )  
    6) hp < 254.5 0 0 0 ( 0.5 0.5 ) *
    7) hp > 254.5 0 0 1 ( 0.5 0.5 ) *
1) root 0 0 -1 ( 0.5 0.5 )  
  2) mpg < 18.9 0 0 -1 ( 0.5 0.5 )  
    4) hp < 254.5 0 0 0 ( 0.5 0.5 ) *
    5) hp > 254.5 0 0 1 ( 0.5 0.5 ) *
  3) mpg > 18.9 0 0 -1 ( 0.5 0.5 )  
    6) mpg < 25.2 0 0 -1 ( 0.5 0.5 )  
     12) hp < 142.5 0 0 -1 ( 0.5 0.5 )  
       24) mpg < 21.2 0 0 1 ( 0.5 0.5 ) *
       25) mpg > 21.2 0 0 -1 ( 0.5 0.5 )  
         50) wt < 2.735 0 0 1 ( 0.5 0.5 ) *
         51) wt > 2.735 0 0 0 ( 0.5 0.5 ) *
     13) hp > 142.5 0 0 1 ( 0.5 0.5 ) *
    7) mpg > 25.2 0 0 1 ( 0.5 0.5 ) *
1) root 0 0 -1 ( 0.5 0.5 )  
  2) mpg < 25.85 0 0 -1 ( 0.5 0.5 )  
    4) wt < 3.18 0 0 -1 ( 0.5 0.5 )  
      8) hp < 103.5 0 0 -1 ( 0.5 0.5 )  
       16) hp < 95 0 0 1 ( 0.5 0.5 ) *
       17) hp > 95 0 0 0 ( 0.5 0.5 ) *
      9) hp > 103.5 0 0 1 ( 0.5 0.5 ) *
    5) wt > 3.18 0 0 -1 ( 0.5 0.5 )  
     10) wt < 3.65 0 0 -1 ( 0.5 0.5 )  
       20) mpg < 15.1 0 0 -1 ( 0.5 0.5 )  
         40) mpg < 14.65 0 0 0 ( 0.5 0.5 ) *
         41) mpg > 14.65 0 0 1 ( 0.5 0.5 ) *
       21) mpg > 15.1 0 0 0 ( 0.5 0.5 ) *
     11) wt > 3.65 0 0 0 ( 0.5 0.5 ) *
  3) mpg > 25.85 0 0 1 ( 0.5 0.5 ) *
1) root 0 0 -1 ( 0.5 0.5 )  
  2) hp < 94 0 0 -1 ( 0.5 0.5 )  
    4) hp < 63.5 0 0 -1 ( 0.5 0.5 )  
      8) mpg < 27.4 0 0 0 ( 0.5 0.5 ) *
      9) mpg > 27.4 0 0 1 ( 0.5 0.5 ) *
    5) hp > 63.5 0 0 1 ( 0.5 0.5 ) *
  3) hp > 94 0 0 -1 ( 0.5 0.5 )  
    6) wt < 2.96 0 0 -1 ( 0.5 0.5 )  
     12) hp < 105 0 0 0 ( 0.5 0.5 ) *
     13) hp > 105 0 0 1 ( 0.5 0.5 ) *
    7) wt > 2.96 0 0 -1 ( 0.5 0.5 )  
     14) mpg < 15.1 0 0 -1 ( 0.5 0.5 )  
       28) mpg < 14.85 0 0 0 ( 0.5 0.5 ) *
       29) mpg > 14.85 0 0 1 ( 0.5 0.5 ) *
     15) mpg > 15.1 0 0 0 ( 0.5 0.5 ) *
1) root 0 0 -1 ( 0.5 0.5 )  
  2) mpg < 19.45 0 0 -1 ( 0.5 0.5 )  
    4) mpg < 16.1 0 0 -1 ( 0.5 0.5 )  
      8) mpg < 15.5 0 0 -1 ( 0.5 0.5 )  
       16) hp < 290 0 0 0 ( 0.5 0.5 ) *
       17) hp > 290 0 0 1 ( 0.5 0.5 ) *
      9) mpg > 15.5 0 0 1 ( 0.5 0.5 ) *
    5) mpg > 16.1 0 0 0 ( 0.5 0.5 ) *
  3) mpg > 19.45 0 0 -1 ( 0.5 0.5 )  
    6) mpg < 21.2 0 0 1 ( 0.5 0.5 ) *
    7) mpg > 21.2 0 0 -1 ( 0.5 0.5 )  
     14) mpg < 24.4 0 0 -1 ( 0.5 0.5 )  
       28) wt < 2.965 0 0 1 ( 0.5 0.5 ) *
       29) wt > 2.965 0 0 0 ( 0.5 0.5 ) *
     15) mpg > 24.4 0 0 1 ( 0.5 0.5 ) *
1) root 0 0 -1 ( 0.5 0.5 )  
  2) hp < 254.5 0 0 -1 ( 0.5 0.5 )  
    4) mpg < 20.1 0 0 0 ( 0.5 0.5 ) *
    5) mpg > 20.1 0 0 -1 ( 0.5 0.5 )  
     10) wt < 2.6225 0 0 -1 ( 0.5 0.5 )  
       20) hp < 81 0 0 1 ( 0.5 0.5 ) *
       21) hp > 81 0 0 0 ( 0.5 0.5 ) *
     11) wt > 2.6225 0 0 1 ( 0.5 0.5 ) *
  3) hp > 254.5 0 0 1 ( 0.5 0.5 ) *
1) root 0 0 -1 ( 0.5 0.5 )  
  2) wt < 3.0125 0 0 1 ( 0.5 0.5 ) *
  3) wt > 3.0125 0 0 0 ( 0.5 0.5 ) *
1) root 0 0 -1 ( 0.5 0.5 )  
  2) mpg < 19.45 0 0 -1 ( 0.5 0.5 )  
    4) hp < 290 0 0 0 ( 0.5 0.5 ) *
    5) hp > 290 0 0 1 ( 0.5 0.5 ) *
  3) mpg > 19.45 0 0 -1 ( 0.5 0.5 )  
    6) hp < 94 0 0 1 ( 0.5 0.5 ) *
    7) hp > 94 0 0 -1 ( 0.5 0.5 )  
     14) wt < 3.0125 0 0 1 ( 0.5 0.5 ) *
     15) wt > 3.0125 0 0 0 ( 0.5 0.5 ) *
1) root 0 0 -1 ( 0.5 0.5 )  
  2) mpg < 19.45 0 0 -1 ( 0.5 0.5 )  
    4) wt < 3.65 0 0 -1 ( 0.5 0.5 )  
      8) mpg < 15.1 0 0 1 ( 0.5 0.5 ) *
      9) mpg > 15.1 0 0 0 ( 0.5 0.5 ) *
    5) wt > 3.65 0 0 0 ( 0.5 0.5 ) *
  3) mpg > 19.45 0 0 -1 ( 0.5 0.5 )  
    6) wt < 3.0125 0 0 -1 ( 0.5 0.5 )  
     12) mpg < 22.15 0 0 -1 ( 0.5 0.5 )  
       24) mpg < 21.45 0 0 1 ( 0.5 0.5 ) *
       25) mpg > 21.45 0 0 0 ( 0.5 0.5 ) *
     13) mpg > 22.15 0 0 1 ( 0.5 0.5 ) *
    7) wt > 3.0125 0 0 0 ( 0.5 0.5 ) *
1) root 0 0 -1 ( 0.5 0.5 )  
  2) wt < 3.0125 0 0 1 ( 0.5 0.5 ) *
  3) wt > 3.0125 0 0 -1 ( 0.5 0.5 )  
    6) wt < 3.18 0 0 -1 ( 0.5 0.5 )  
     12) hp < 179.5 0 0 0 ( 0.5 0.5 ) *
     13) hp > 179.5 0 0 1 ( 0.5 0.5 ) *
    7) wt > 3.18 0 0 -1 ( 0.5 0.5 )  
     14) hp < 290 0 0 0 ( 0.5 0.5 ) *
     15) hp > 290 0 0 1 ( 0.5 0.5 ) *
1) root 0 0 -1 ( 0.5 0.5 )  
  2) wt < 3.18 0 0 -1 ( 0.5 0.5 )  
    4) wt < 2.3925 0 0 1 ( 0.5 0.5 ) *
    5) wt > 2.3925 0 0 -1 ( 0.5 0.5 )  
     10) wt < 2.5425 0 0 0 ( 0.5 0.5 ) *
     11) wt > 2.5425 0 0 1 ( 0.5 0.5 ) *
  3) wt > 3.18 0 0 -1 ( 0.5 0.5 )  
    6) mpg < 15.1 0 0 -1 ( 0.5 0.5 )  
     12) hp < 275 0 0 0 ( 0.5 0.5 ) *
     13) hp > 275 0 0 1 ( 0.5 0.5 ) *
    7) mpg > 15.1 0 0 0 ( 0.5 0.5 ) *
1) root 0 0 -1 ( 0.5 0.5 )  
  2) wt < 3.0125 0 0 -1 ( 0.5 0.5 )  
    4) wt < 2.3925 0 0 1 ( 0.5 0.5 ) *
    5) wt > 2.3925 0 0 -1 ( 0.5 0.5 )  
     10) mpg < 21.45 0 0 1 ( 0.5 0.5 ) *
     11) mpg > 21.45 0 0 0 ( 0.5 0.5 ) *
  3) wt > 3.0125 0 0 0 ( 0.5 0.5 ) *
1) root 0 0 -1 ( 0.5 0.5 )  
  2) wt < 3.18 0 0 -1 ( 0.5 0.5 )  
    4) hp < 94 0 0 1 ( 0.5 0.5 ) *
    5) hp > 94 0 0 -1 ( 0.5 0.5 )  
     10) wt < 2.5425 0 0 -1 ( 0.5 0.5 )  
       20) mpg < 25.95 0 0 0 ( 0.5 0.5 ) *
       21) mpg > 25.95 0 0 1 ( 0.5 0.5 ) *
     11) wt > 2.5425 0 0 1 ( 0.5 0.5 ) *
  3) wt > 3.18 0 0 0 ( 0.5 0.5 ) *
1) root 0 0 -1 ( 0.5 0.5 )  
  2) mpg < 19.45 0 0 -1 ( 0.5 0.5 )  
    4) wt < 3.305 0 0 1 ( 0.5 0.5 ) *
    5) wt > 3.305 0 0 0 ( 0.5 0.5 ) *
  3) mpg > 19.45 0 0 1 ( 0.5 0.5 ) *
1) root 0 0 -1 ( 0.5 0.5 )  
  2) wt < 3.18 0 0 1 ( 0.5 0.5 ) *
  3) wt > 3.18 0 0 -1 ( 0.5 0.5 )  
    6) mpg < 15.1 0 0 -1 ( 0.5 0.5 )  
     12) hp < 290 0 0 0 ( 0.5 0.5 ) *
     13) hp > 290 0 0 1 ( 0.5 0.5 ) *
    7) mpg > 15.1 0 0 0 ( 0.5 0.5 ) *
1) root 0 0 -1 ( 0.5 0.5 )  
  2) hp < 254.5 0 0 -1 ( 0.5 0.5 )  
    4) mpg < 25.85 0 0 -1 ( 0.5 0.5 )  
      8) mpg < 20.1 0 0 0 ( 0.5 0.5 ) *
      9) mpg > 20.1 0 0 -1 ( 0.5 0.5 )  
       18) mpg < 21.2 0 0 1 ( 0.5 0.5 ) *
       19) mpg > 21.2 0 0 0 ( 0.5 0.5 ) *
    5) mpg > 25.85 0 0 1 ( 0.5 0.5 ) *
  3) hp > 254.5 0 0 1 ( 0.5 0.5 ) *
1) root 0 0 -1 ( 0.5 0.5 )  
  2) cyl < 5 0 0 1 ( 0.5 0.5 ) *
  3) cyl > 5 0 0 -1 ( 0.5 0.5 )  
    6) wt < 3.045 0 0 1 ( 0.5 0.5 ) *
    7) wt > 3.045 0 0 -1 ( 0.5 0.5 )  
     14) hp < 290 0 0 0 ( 0.5 0.5 ) *
     15) hp > 290 0 0 1 ( 0.5 0.5 ) *
1) root 0 0 -1 ( 0.5 0.5 )  
  2) wt < 3.18 0 0 -1 ( 0.5 0.5 )  
    4) wt < 2.3325 0 0 1 ( 0.5 0.5 ) *
    5) wt > 2.3325 0 0 -1 ( 0.5 0.5 )  
     10) hp < 103.5 0 0 0 ( 0.5 0.5 ) *
     11) hp > 103.5 0 0 1 ( 0.5 0.5 ) *
  3) wt > 3.18 0 0 0 ( 0.5 0.5 ) *
1) root 0 0 -1 ( 0.5 0.5 )  
  2) wt < 3.045 0 0 -1 ( 0.5 0.5 )  
    4) hp < 95 0 0 1 ( 0.5 0.5 ) *
    5) hp > 95 0 0 -1 ( 0.5 0.5 )  
     10) cyl < 5 0 0 0 ( 0.5 0.5 ) *
     11) cyl > 5 0 0 1 ( 0.5 0.5 ) *
  3) wt > 3.045 0 0 0 ( 0.5 0.5 ) *
1) root 0 0 -1 ( 0.5 0.5 )  
  2) mpg < 25.2 0 0 -1 ( 0.5 0.5 )  
    4) wt < 3.0325 0 0 -1 ( 0.5 0.5 )  
      8) cyl < 5 0 0 -1 ( 0.5 0.5 )  
       16) mpg < 22.15 0 0 0 ( 0.5 0.5 ) *
       17) mpg > 22.15 0 0 1 ( 0.5 0.5 ) *
      9) cyl > 5 0 0 1 ( 0.5 0.5 ) *
    5) wt > 3.0325 0 0 -1 ( 0.5 0.5 )  
     10) mpg < 15.1 0 0 -1 ( 0.5 0.5 )  
       20) wt < 4.497 0 0 -1 ( 0.5 0.5 )  
         40) mpg < 14.65 0 0 0 ( 0.5 0.5 ) *
         41) mpg > 14.65 0 0 1 ( 0.5 0.5 ) *
       21) wt > 4.497 0 0 0 ( 0.5 0.5 ) *
     11) mpg > 15.1 0 0 0 ( 0.5 0.5 ) *
  3) mpg > 25.2 0 0 1 ( 0.5 0.5 ) *
1) root 0 0 -1 ( 0.5 0.5 )  
  2) mpg < 19.45 0 0 0 ( 0.5 0.5 ) *
  3) mpg > 19.45 0 0 -1 ( 0.5 0.5 )  
    6) hp < 103 0 0 -1 ( 0.5 0.5 )  
     12) hp < 95 0 0 1 ( 0.5 0.5 ) *
     13) hp > 95 0 0 0 ( 0.5 0.5 ) *
    7) hp > 103 0 0 -1 ( 0.5 0.5 )  
     14) wt < 2.9975 0 0 1 ( 0.5 0.5 ) *
     15) wt > 2.9975 0 0 0 ( 0.5 0.5 ) *